timestamps:
  login: 1499834739722
  logout: 1499836582919
  lastteleport: 1499835818299
ipAddress: 54.254.250.84
logoutlocation:
  world: world
  x: 199.72725003975205
  y: 63.0
  z: 67.29785768446422
  yaw: 290.84375
  pitch: 27.45013
lastlocation:
  world: world
  x: 179.5
  y: 72.0
  z: 70.5
  yaw: 147.75305
  pitch: 22.350042
