timestamps:
  login: 1499791069428
  logout: 1499796306603
ipAddress: 111.193.239.199
logoutlocation:
  world: world
  x: 331.02183436704956
  y: 66.20000004768384
  z: 85.99244933408627
  yaw: 93.305176
  pitch: -14.850249
