timestamps:
  login: 1434172150328
  lastteleport: 1434162236109
  logout: 1434172601453
ipAddress: 127.0.0.1
lastlocation:
  world: world
  x: -337.0
  y: 255.0
  z: 160.0
  yaw: 252.59999
  pitch: 66.000015
logoutlocation:
  world: world
  x: -305.4348591180337
  y: 64.0
  z: -22.221323528962873
  yaw: -22.198456
  pitch: 30.299921
afk: false
