spawns: 
  default: 
    world: world
    x: -327.66354439514316
    y: 63.0
    z: 139.04334609501225
    yaw: -10.349884
    pitch: 3.4499958
